[gd_scene load_steps=8 format=3 uid="uid://du5slefwqepvb"]

[sub_resource type="StandardMaterial3D" id="StandardMaterial3D_vxqam"]
transparency = 1
albedo_color = Color(1, 0.513726, 1, 0.305882)

[sub_resource type="BoxMesh" id="BoxMesh_etiq1"]
material = SubResource("StandardMaterial3D_vxqam")
size = Vector3(10, 1, 1)

[sub_resource type="StandardMaterial3D" id="StandardMaterial3D_usyni"]
transparency = 1
albedo_color = Color(1, 1, 0.713726, 0.254902)

[sub_resource type="BoxMesh" id="BoxMesh_nxxvc"]
material = SubResource("StandardMaterial3D_usyni")
size = Vector3(5, 1.5, 300)

[sub_resource type="ProceduralSkyMaterial" id="ProceduralSkyMaterial_1gcsn"]

[sub_resource type="Sky" id="Sky_s8wg4"]
sky_material = SubResource("ProceduralSkyMaterial_1gcsn")

[sub_resource type="Environment" id="Environment_330t8"]
background_mode = 2
sky = SubResource("Sky_s8wg4")
sky_custom_fov = 37.9

[node name="PlaySong" type="Node3D"]
transform = Transform3D(0.992772, 0, -0.120016, 0, 1, 0, 0.120016, 0, 0.992772, 0, 0, 0)

[node name="MeshInstance3D" type="MeshInstance3D" parent="."]
transform = Transform3D(1, 0, 0, 0, 1, 0, 0, 0, 1, -1.16188, -2.47032, 1.9388)
mesh = SubResource("BoxMesh_etiq1")

[node name="MeshInstance3D2" type="MeshInstance3D" parent="."]
transform = Transform3D(0.999194, 0.0401492, 0, -0.0401492, 0.999194, 0, -5.96046e-08, 4.65661e-09, 1, 0.668431, -6.77357, 1.25621)
mesh = SubResource("BoxMesh_nxxvc")

[node name="Label3D" type="Label3D" parent="."]
transform = Transform3D(1, 0, 0, 0, 1, 0, 0, 0, 1, -3.80909, -2.0441, -1.2892)
text = "Weeeeee Whats up"

[node name="Camera3D" type="Camera3D" parent="."]
transform = Transform3D(0.978063, 0.0582722, 0.199994, -0.0314834, 0.990399, -0.134604, -0.205917, 0.125355, 0.970507, -0.477434, -1.49522, 4.61725)

[node name="DirectionalLight3D" type="DirectionalLight3D" parent="."]
transform = Transform3D(0.999811, -0.0129553, -0.0144723, 0.018943, 0.815101, 0.579009, 0.00429516, -0.579173, 0.815193, -1.09703, 1.86042, 8.60612)

[node name="WorldEnvironment" type="WorldEnvironment" parent="."]
environment = SubResource("Environment_330t8")

[node name="Control" type="Control" parent="."]
layout_mode = 3
anchors_preset = 0
offset_right = 40.0
offset_bottom = 40.0

[node name="RichTextLabel" type="RichTextLabel" parent="Control"]
offset_left = 987.0
offset_top = 14.0
offset_right = 1166.0
offset_bottom = 263.0
text = "Testing 123

Testing 123
Testing 123
Testing 123
Testing 123
"

[node name="Panel" type="Panel" parent="Control"]
layout_mode = 0
offset_right = 297.0
offset_bottom = 651.0
